0.320
0.352
0.386
0.424
0.464
0.508
0.555
0.605
0.660
0.719
0.783
0.853
0.927
1.008
1.095
1.189
1.290
1.400
1.518
1.646
1.783
1.933
2.093
2.267
2.455
2.658
2.876
3.113
3.368
3.644
3.941
4.263
4.600
4.940
5.302
5.687
6.097
6.534
6.998
7.492
8.017
8.574
9.165
9.792
10.457
11.162
11.908
12.699
13.536
14.421
15.357
16.346
17.391
18.495
19.659
20.888
22.184
23.550
24.988
26.505
28.101
29.782
31.548
33.406
35.359
37.411
39.565
41.827
44.201
46.691
49.302
52.039
54.906
57.910
61.055
64.346
67.790
71.391
75.158
79.093
83.204
87.499
91.982
96.661
101.543
106.636
111.945
117.478
123.244
129.251
135.505
142.015
148.791
155.839
163.170
170.791
178.714
186.945
195.496
204.376
213.596
223.165
233.093
243.393
254.073
265.147
276.624
288.517
300.838
313.600
326.811
340.488
354.643
369.287
384.435
400.101
416.298
433.041
450.344
468.221
486.687
505.759
525.450
545.778
566.757
588.406
610.740
633.778
657.535
682.029
707.280
733.305
760.000
787.590
816.010
845.280
875.410
906.410
938.310
971.140
1004.910
1039.650
1075.370
1112.090
1149.830
1188.610
1228.470
1269.410
1311.470
1354.660
1399.020
1444.550
1491.280
1539.250
1588.470
1638.960
1690.76
1743.88
1798.35
1854.20
1911.47
1970.15
2030.28
2091.94
2155.03
2219.69
2285.92
2353.73
2423.16
2494.23
2567.00
2641.44
2717.63
2795.57
2875.30
2956.86
3040.26
3125.55
3212.74
3301.87
3392.98
3486.09
3581.23
3678.43
3777.74
3879.18
3982.77
4088.56
4196.59
4306.88
4419.45
4534.36
4651.62
4771.28
4893.36
5017.91
5144.97
5274.54
5406.69
5541.43
5678.82
5818.90
5961.66
6107.19
6255.48
6406.60
6560.55
6717.43
6877.22
7039.97
7205.72
7374.52
7546.39
7721.37
7899.52
8080.84
8265.40
8453.35
8644.35
8838.82
9036.68
9237.95
9442.70
9650.93
9862.71
10078.04
10297.01
10519.63
10745.95
10975.00
11209.82
11447.46
11688.96
11934.37
12183.69
12437.00
12694.30
12955.66
13221.12
13490.75
13764.53
14042.52
14324.80
14611.32
14902.22
15197.48
15497.17
15801.33
16109.94
16423.15
16740.90
17063.29
17390.36
17722.13
18058.64
18399.99
18746.07
19097.04
19452.92
19813.76
20179.61
20550.48
20926.40